0.5621541 0.05186868 4 1 -0.1187677
0.3652922 0.06493025 6 1 1.625095
2.777811 0.5139998 8 1 -0.1127101
0.9815308 0.09749543 3 0 0.9983278
4.015051 0.04755844 5 0 -2.477368
1.052094 0.05248457 8 1 0.02813409
1.656316 0.5313511 4 1 -0.5296996
4.407883 0.275144 3 0 0.1683475
0.2922558 0.1591484 2 1 -2.747304
0.5721963 0.2956401 2 0 1.140394
0.778023 0.0700541 5 0 1.878841
2.2639 0.1402269 4 0 0.4917725
0.2512976 0.003827373 3 0 -2.667659
0.1971783 0.02060119 4 1 -1.659699
0.2207777 0.07594726 3 0 -0.5596104
1.025354 0.4915851 3 1 -2.743084
1.809508 0.03389001 7 0 -0.4662819
0.1862642 0.0160984 5 1 1.051563
0.4077586 0.1059996 3 0 1.043924
0.7121097 0.1611387 8 1 0.07508579
0.05844493 0.4637651 3 0 1.885106
4.51735 0.04843328 3 0 -2.105311
3.819074 0.09697193 2 1 0.7785863
4.350874 0.202541 3 0 0.848605
0.4008729 0.4567456 6 0 -0.9713904
0.505323 0.08252945 5 0 1.384709
2.476573 0.3919824 2 1 -0.1549272
0.5133219 0.2051618 3 1 -2.75524
2.037452 0.01697198 10 0 1.710875
1.130697 0.3701127 5 1 -0.5438532
1.270272 0.01857201 4 1 -0.4645076
0.7538084 0.1263543 6 1 -1.11419
1.580138 0.04750848 4 1 -1.696439
1.376924 0.1732053 3 0 -0.4088379
1.529378 0.1680694 4 1 -1.007785
0.5438044 0.0171458 4 1 -0.4243807
0.9428202 0.0430144 6 1 -0.3148991
2.555449 0.128289 4 0 -1.671341
2.50627 0.7703231 7 1 -0.4675338
0.7014027 0.3093223 5 0 0.05191833
1.280227 0.3094826 3 0 1.178747
1.557295 0.1776329 4 1 -0.2375248
2.705801 0.1603458 4 1 -1.169321
0.212222 0.1363735 4 1 0.9943879
1.388668 0.01411826 3 0 -0.03721746
0.1515879 0.4780324 7 1 0.9822608
2.168723 0.03007657 2 1 -0.7442836
1.24168 0.2162719 3 1 0.5585845
0.7554229 0.1545993 6 1 0.7592474
2.260124 0.252867 5 1 -1.704817
