0.5621541 0.05186868 4 1 -0.1187677 3.124277
0.3652922 0.06493025 6 1 1.625095 2.730707
2.777811 0.5139998 8 1 -0.1127101 7.556049
0.9815308 0.09749543 3 0 0.9983278 3.961358
4.015051 0.04755844 5 0 -2.477368 10.03127
1.052094 0.05248457 8 1 0.02813409 4.103522
1.656316 0.5313511 4 1 -0.5296996 5.312352
4.407883 0.275144 3 0 0.1683475 10.81569
0.2922558 0.1591484 2 1 -2.747304 2.584607
0.5721963 0.2956401 2 0 1.140394 3.145499
0.778023 0.0700541 5 0 1.878841 3.556519
2.2639 0.1402269 4 0 0.4917725 6.526412
0.2512976 0.003827373 3 0 -2.667659 2.503334
0.1971783 0.02060119 4 1 -1.659699 2.395047
0.2207777 0.07594726 3 0 -0.5596104 2.441045
1.025354 0.4915851 3 1 -2.743084 4.049951
1.809508 0.03389001 7 0 -0.4662819 5.619973
0.1862642 0.0160984 5 1 1.051563 2.373921
0.4077586 0.1059996 3 0 1.043924 2.815561
0.7121097 0.1611387 8 1 0.07508579 3.424039
0.05844493 0.4637651 3 0 1.885106 2.116818
4.51735 0.04843328 3 0 -2.105311 11.03553
3.819074 0.09697193 2 1 0.7785863 9.63822
4.350874 0.202541 3 0 0.848605 10.70172
0.4008729 0.4567456 6 0 -0.9713904 2.802888
0.505323 0.08252945 5 0 1.384709 3.012175
2.476573 0.3919824 2 1 -0.1549272 6.95116
0.5133219 0.2051618 3 1 -2.75524 3.026591
2.037452 0.01697198 10 0 1.710875 6.075189
1.130697 0.3701127 5 1 -0.5438532 4.26087
1.270272 0.01857201 4 1 -0.4645076 4.540581
0.7538084 0.1263543 6 1 -1.11419 3.507252
1.580138 0.04750848 4 1 -1.696439 5.160818
1.376924 0.1732053 3 0 -0.4088379 4.75505
1.529378 0.1680694 4 1 -1.007785 5.058356
0.5438044 0.0171458 4 1 -0.4243807 3.088057
0.9428202 0.0430144 6 1 -0.3148991 3.885646
2.555449 0.128289 4 0 -1.671341 7.108554
2.50627 0.7703231 7 1 -0.4675338 7.011432
0.7014027 0.3093223 5 0 0.05191833 3.40452
1.280227 0.3094826 3 0 1.178747 4.561973
1.557295 0.1776329 4 1 -0.2375248 5.115813
2.705801 0.1603458 4 1 -1.169321 7.412465
0.212222 0.1363735 4 1 0.9943879 2.426086
1.388668 0.01411826 3 0 -0.03721746 4.776565
0.1515879 0.4780324 7 1 0.9822608 2.304756
2.168723 0.03007657 2 1 -0.7442836 6.335102
1.24168 0.2162719 3 1 0.5585845 4.4832
0.7554229 0.1545993 6 1 0.7592474 3.510822
2.260124 0.252867 5 1 -1.704817 6.51972
