0.4430799 0.02619486 7 1 -0.4655637
1.095996 0.07803602 7 0 -0.1125346
1.268729 0.06597354 2 0 -0.9508597
6.264946 0.1088522 5 1 0.2144527
0.4890688 0.06678851 1 1 -2.539812
0.05581638 0.252133 4 1 -0.6095299
1.731397 0.6421175 4 1 0.2506372
0.1284166 0.2615529 0 1 -0.66916
3.792296 0.3357207 6 0 -1.18267
0.7781364 0.06677487 2 1 1.524896
1.598018 0.0462664 5 1 0.7807894
0.1150093 0.03791358 2 0 1.907369
2.466263 0.4848885 6 0 -1.470249
1.302056 0.02314355 1 1 -1.185744
0.9277206 0.1814063 2 1 0.08018038
0.1483205 0.1566632 8 1 -1.623207
1.031235 0.01771507 3 0 -1.116814
0.6037739 0.01695026 2 1 -1.976568
0.9012122 0.06610695 7 1 -1.442812
2.449546 0.1234473 8 1 -0.4283071
0.1138434 0.2013987 2 0 0.6001647
1.602386 0.2873683 7 1 -2.779576
0.4025494 0.02204656 5 1 -2.289349
0.3247022 0.1960107 10 0 0.2008376
2.315228 0.4967812 5 1 1.491268
0.7610183 0.05898085 3 1 0.3253698
2.855023 0.07563321 3 1 -2.159946
0.4233095 0.07280603 1 1 -0.4617329
3.976256 0.1521489 2 1 -1.57847
1.851867 0.02528105 3 1 -0.6767438
4.080295 0.303729 3 1 -0.9186808
1.633589 0.6447015 3 1 0.7998887
0.9724174 0.1979988 3 1 0.6569291
2.623835 0.2249475 8 0 -2.489337
3.413569 0.1492892 6 1 -1.315958
1.753282 0.5082319 5 0 0.4593423
0.1463623 0.06808942 4 1 -1.976773
1.24852 0.201191 3 1 -2.51252
1.33682 0.0319476 6 1 0.7929365
1.728468 0.3560788 5 1 0.7655868
0.2441316 0.2013486 6 1 -1.779367
0.3903973 0.2149226 3 1 0.4467177
2.784316 0.4269066 7 1 -0.9831762
0.4633039 0.03549185 5 0 -2.84747
4.471334 0.008853964 2 0 -0.5028753
1.246586 0.09374216 5 0 0.4500673
0.7052784 0.4857269 5 1 -2.829954
3.125065 0.4388753 6 0 -0.08242037
0.3771485 0.2667868 6 1 -2.384075
0.2376255 0.01255737 4 0 0.6295088
0.2993056 0.8541137 3 1 1.611861
1.575613 0.02388391 2 1 -0.2630541
1.780475 0.01024666 0 0 0.2599758
2.602357 0.6075566 7 1 -1.620817
0.7859399 0.3345368 0 1 -2.929493
2.98526 0.2930119 4 1 -0.1763533
1.369973 0.3448761 6 0 -1.718838
0.2994666 0.007061333 6 1 -0.1408242
1.736156 0.1205302 5 1 1.358482
0.4995259 0.09027406 5 0 1.508029
1.052108 0.2241298 7 1 0.7338143
1.882289 0.150073 5 0 -2.655164
8.802318 0.1372369 4 0 0.1394199
1.138159 0.2120502 7 1 0.5443369
1.275326 0.4949444 6 1 -0.6602161
6.363263 0.4053137 4 1 -1.083592
0.005076171 0.2276761 4 1 -0.9394484
0.1313724 0.4430756 3 0 0.07014309
2.907548 0.181745 1 1 1.372712
0.6346074 0.2154041 4 1 -1.546206
1.975054 0.02366929 6 1 -0.4046331
1.355616 0.1769348 4 1 0.9973942
0.8441068 0.03463619 4 1 -0.2705381
1.462853 0.06938 3 1 -1.23119
0.8168988 0.6949377 2 0 0.4394111
2.667612 0.03509677 7 1 -0.3253525
7.8785 0.0828613 6 0 1.337471
1.376763 0.03997185 4 0 1.494848
0.3059756 0.01295626 3 0 0.8382992
0.6074569 0.4252497 4 1 -1.177898
0.2739679 0.04617702 6 1 1.760974
1.102707 0.2422602 3 0 1.424114
1.48461 0.1779358 6 0 0.197847
0.7344075 0.2468844 4 1 -0.4947262
1.711998 0.06868472 3 0 -0.1730378
2.212944 0.00857897 4 1 -0.6446909
1.64537 0.1086941 4 0 0.231867
3.821378 0.007938003 5 0 -1.45481
1.081875 0.1448772 5 1 -1.999696
3.20779 0.4853073 7 0 0.32648
0.6410136 0.771971 2 0 0.9716659
1.359402 0.1994768 2 0 -0.640851
1.480266 0.0243732 6 1 -1.759086
3.230558 0.2256671 5 0 -1.334751
0.8559831 0.1255547 8 1 -2.05924
0.3786194 0.3010666 1 0 -2.378374
4.420478 0.03194256 7 1 0.4401831
0.5185314 0.812827 2 1 1.512562
0.2937378 0.08530064 3 0 -2.196012
1.303836 0.07277276 5 0 0.3100026
0.02807361 0.3402816 4 1 -1.386024
1.016041 0.1469231 4 1 -0.5998143
0.4041058 0.01389206 4 1 -1.405121
2.314268 0.2590964 6 1 1.658726
3.577446 0.0251687 2 0 1.180819
3.805232 0.1319069 5 0 -0.6571041
0.04830875 0.02134587 7 1 -2.967798
0.1729185 0.001356419 1 1 -2.466621
1.649444 0.03957997 2 0 0.945478
0.4235845 0.1653573 3 0 -0.1381423
1.435452 0.0158567 1 1 -0.7418691
1.628331 0.1132334 4 1 -1.84885
2.046094 0.08587589 5 0 0.184784
0.9850702 0.7679194 3 1 -1.945499
0.969904 0.05018389 4 0 -0.3006654
2.472549 0.1116063 5 1 0.5001201
1.190669 0.2792259 6 1 0.9853448
1.341438 0.02394549 9 1 -1.260892
1.356492 0.02023526 2 0 -2.214646
2.438718 0.06154929 3 1 1.272587
1.510222 0.1084024 6 0 1.921198
1.677051 0.1192776 4 1 1.576797
0.3791291 0.1154851 3 0 -2.777829
0.5651008 0.277848 2 1 -2.942141
3.026766 1.363197 5 0 -1.520254
1.473517 0.1834974 5 1 0.1613495
1.177132 0.438002 4 0 0.9985178
1.565646 0.01696097 2 1 0.9714846
1.522484 0.1078998 0 1 -0.9597762
0.7039788 0.2155067 0 1 -2.780172
0.6427109 0.5899436 5 0 -0.9890243
0.782082 0.07849462 2 0 -2.096271
3.290144 0.1290617 8 1 1.895238
1.338565 0.08653492 8 0 1.637415
0.8096989 0.08126899 2 1 -2.819158
0.2689886 0.06564471 4 0 -2.852292
2.473308 0.3377664 4 0 -1.402983
1.893317 0.09548476 4 0 -2.232928
0.7013159 0.07193835 3 1 0.1349046
4.749366 0.413744 3 0 -2.728545
0.1787457 0.1395072 1 1 -0.5187712
1.463882 0.08893687 3 0 -0.3844462
3.212109 0.2035666 4 0 0.6967955
0.1280695 0.162308 8 1 1.98735
2.531284 0.05024667 3 0 1.881111
4.859987 0.05727243 1 1 1.235825
1.023168 0.07494671 4 1 -2.829771
2.384078 0.03918333 5 1 -1.132663
0.1392546 0.0916972 6 1 -2.267054
1.545561 0.095317 4 0 -2.428433
0.1927477 0.3457561 3 0 -2.593717
3.441058 0.127047 2 1 -2.480283
1.60814 0.2699867 5 1 -2.042719
1.259846 0.1326922 4 1 -0.6431521
3.061589 0.08917026 5 1 0.2594252
0.1511943 0.5979592 9 0 0.614041
0.3772295 0.03459945 6 0 -1.501824
0.830657 0.2627823 5 0 -1.885974
2.790234 0.07962091 5 1 -0.2484974
0.6908907 0.379595 4 1 1.654912
2.231446 0.09201641 3 1 -2.884435
2.867327 0.1280231 7 1 -0.9441067
4.420554 0.1444995 5 0 1.510089
0.8852242 0.2544613 3 1 -2.668517
2.292634 0.2100702 7 1 -0.4625491
3.857177 0.1054551 4 1 0.6134553
1.535058 0.02242435 6 0 -1.883274
0.4907512 0.2070201 6 0 1.638618
6.367459 0.04279525 2 1 -0.1287163
0.234855 0.160125 7 0 0.2886953
1.65533 0.1630728 6 1 0.3781761
4.108622 0.2231974 6 0 -0.7686604
0.4784263 0.2670702 3 1 0.92054
2.437825 0.5607783 2 1 -1.033521
0.5045516 0.05000901 2 1 1.427739
0.218592 0.1164236 5 0 -1.983044
0.520011 0.2772769 6 1 -2.438662
8.008792 0.1906077 2 0 1.918169
2.850324 0.03137288 3 1 -0.3417805
5.187864 0.02810195 2 1 1.117102
0.4447602 0.03449456 1 0 1.953325
1.038426 0.1137568 3 1 -0.1706533
3.68692 0.2505195 3 0 -0.7136703
2.075751 0.1786715 3 1 0.8231897
0.2565605 0.3902578 3 0 -0.5524653
0.2213362 0.6410372 2 1 -1.265146
2.847533 0.5410378 6 1 -1.704605
0.2862745 0.1370195 9 1 -2.369426
3.146572 0.08926954 4 0 -0.6433248
5.257666 0.09774789 6 0 0.4056196
0.1088672 0.841415 4 1 0.08013319
4.272165 0.2156381 3 1 -2.465898
0.8777679 0.3868088 4 1 -0.3438023
0.2315091 0.04013862 4 0 -1.973954
1.87833 0.1700501 2 0 1.581588
0.2742536 0.09034744 4 1 0.2078117
0.1368995 0.02759529 3 1 1.481354
0.5737028 0.1490285 1 1 -1.15353
0.8412593 0.1859999 3 1 1.351572
0.1117482 0.01737296 6 1 -1.40068
4.337727 0.02324393 3 0 0.7465463
0.9783684 0.3173057 5 0 -1.956922
1.112769 0.0723602 3 1 1.424508
0.6880299 0.3006173 3 0 -0.7324732
1.283437 0.03476914 2 1 1.979138
1.980624 0.6963709 1 1 0.4122643
3.770421 0.04218241 2 0 1.174232
0.3821529 0.0762395 2 0 -1.902905
0.5381085 0.4482458 2 0 -0.9559507
0.5586599 0.2937349 5 1 -1.842951
2.915438 0.3147829 1 0 1.872246
3.16622 0.2199067 6 1 -1.997215
0.6144423 0.01384705 1 0 0.155756
3.441453 0.02309963 7 0 -2.316365
1.132119 0.007718637 7 0 1.726571
1.103332 0.04207243 2 1 -0.2195416
0.1862154 0.1518784 3 0 1.100305
6.766373 0.01508421 5 1 0.3209123
0.3746147 0.2878059 3 1 0.07262103
1.175899 0.4763228 1 1 0.732485
0.2854529 0.04712087 6 1 -1.305027
1.419441 0.5366347 2 1 1.254784
1.589297 0.1150891 5 0 0.1494272
0.4657564 0.04897782 0 1 -0.5890244
0.9547589 0.2350821 7 1 0.2973662
0.3717056 0.08112512 3 0 -0.184161
0.6051793 0.09546914 2 0 -0.8079564
2.940683 0.2831517 2 1 -2.189232
0.2354745 0.1089839 3 1 0.4928836
0.6476405 0.275459 2 0 0.65973
2.180998 0.2810618 1 1 1.4203
0.2465692 0.4807945 1 1 1.798167
1.532865 0.009238564 2 0 -0.04484469
3.618488 0.2423578 2 1 -2.013468
0.1869321 0.1685055 2 0 -1.805709
2.85511 0.2968009 4 0 1.103811
0.1935132 0.6057253 2 1 1.758624
3.451618 0.1718467 3 1 -0.6803207
2.437247 0.5643919 4 0 -1.884592
1.097238 0.2094691 2 0 0.7574488
3.789633 0.0570741 3 0 -1.377177
1.435728 0.1844956 4 1 -0.4937968
5.565387 0.346884 3 1 -2.932849
5.198511 0.04884467 3 1 1.582789
0.6183941 0.1078374 0 1 -1.309821
0.0259838 0.3381532 3 1 -2.978241
2.784565 0.07291379 7 0 0.6761281
1.103875 0.3766058 4 1 -2.31008
1.035184 0.047672 4 0 0.6441702
0.2246006 0.003261046 3 1 -2.78436
0.6655046 0.5840184 3 0 -1.790866
2.111375 0.180103 3 1 0.3473564
1.637732 0.1480774 4 0 -1.106163
0.9400507 0.3996193 5 1 1.346503
0.1661766 0.172411 5 1 -0.1763784
1.610757 0.476918 2 0 -1.866097
1.624809 0.07815375 4 0 1.348472
0.1274805 0.05767717 1 0 -0.8783655
1.39863 0.4332211 2 0 1.069421
1.136891 0.1590045 2 1 -2.726853
0.7208906 0.2963083 4 1 0.4437281
2.242532 0.2480396 2 0 0.6877688
0.3771404 0.3075196 5 1 0.1098521
0.2768461 0.1569462 7 1 1.105008
0.8535512 0.1081524 2 1 -1.603228
0.1615169 0.01507865 6 1 -0.7598952
1.292159 0.00904063 3 1 -0.2291465
3.26244 0.9964591 4 0 1.221974
4.206203 0.1480239 4 1 -1.327123
4.404747 0.1499138 2 0 -1.673857
2.915634 0.03856346 4 1 1.834102
0.994637 0.5040005 9 1 -0.1290642
0.4531386 0.1839283 4 1 -0.3643482
5.293662 0.3431228 0 1 -2.084761
0.1398567 0.01319263 3 1 0.751715
0.5459001 0.2237687 3 0 -0.2084973
1.128934 0.0454276 3 1 -0.7921638
0.2010864 0.793997 6 1 0.9107212
0.7096945 0.2931517 2 1 -0.1855091
2.430324 0.4031234 3 1 -0.9824808
0.6471767 0.2138291 1 0 -1.731066
0.4682641 0.118375 4 1 -2.109124
0.2100411 0.1257932 2 0 0.554861
3.585199 0.07383307 5 1 -1.065757
0.6742668 0.1746307 5 1 1.296233
1.473142 0.1196582 3 1 -1.913039
0.1235389 0.1048245 2 1 -0.7930905
14.14032 0.3867694 4 1 -2.043227
0.4783255 0.1109527 2 1 -1.903535
1.230196 0.1507242 2 1 -1.799613
1.406184 0.07016467 7 1 1.053807
0.04595861 0.08103568 3 1 1.661154
0.5115318 0.08493854 1 1 -0.227839
2.020219 0.4812038 3 1 1.067416
0.064696 0.005475025 2 1 1.463652
0.3503591 0.3025744 4 1 1.571546
4.586917 0.4458574 3 1 -2.515606
0.04272762 0.1182476 6 1 -1.749591
0.7078499 0.5053718 5 1 0.4441309
4.028541 0.4108204 5 0 -2.396784
0.2534606 0.2234574 3 1 -2.778066
0.24214 0.09818697 6 1 1.251085
0.186813 0.2179523 2 1 1.249448
2.376988 0.1905396 8 1 1.38297
0.2455499 0.470975 3 0 0.8274712
2.801364 0.02435793 6 1 -2.9438
2.516511 0.3855257 5 0 -2.511893
0.1334329 0.1121982 3 1 -0.330249
1.847943 0.06930628 5 0 -1.477791
2.354802 0.2868559 4 0 -0.3843273
2.510302 0.2961481 6 1 -2.521712
1.510887 0.1336467 1 1 -0.5673583
0.3622985 0.01291749 2 1 -0.9162735
1.656605 0.08598112 4 1 0.1239746
1.410168 0.05534022 2 0 -0.4372649
0.4416871 0.3911815 8 1 1.048999
0.7705506 0.01159886 2 1 -1.652975
0.8556314 0.2862237 3 1 0.2675092
0.4307215 0.2947163 4 1 -0.4839268
1.326171 0.1545032 6 0 0.8638463
3.235254 0.5249241 3 1 -1.607263
1.005228 0.4628813 2 0 1.930635
1.448062 0.1274481 5 1 0.07757804
0.2701001 0.04371549 6 0 -0.7454833
6.018309 0.5059725 4 0 1.328781
2.523732 0.141732 6 1 -0.9569286
0.7196912 0.2695127 2 1 1.292726
1.012701 0.07195906 7 0 -2.720256
0.3239056 0.02098688 5 0 -0.5608132
1.142189 0.001645451 3 1 -0.7965674
0.7898817 0.4059227 1 1 -2.30224
0.7711922 0.3240004 3 1 -1.822626
0.00176493 0.07613383 4 0 -0.2020948
3.225576 0.1503605 3 1 -2.612814
1.348817 0.03809014 4 0 -2.448933
0.7283194 0.1450523 3 1 -2.718079
1.469507 0.066118 5 1 -1.943473
0.8800403 0.3619683 6 0 1.298266
4.040974 0.1128379 5 0 1.310331
1.051209 0.6511104 2 0 0.3340034
2.765963 0.455083 2 1 -0.2294037
3.411374 0.1231364 1 1 -2.03207
1.156903 0.1219631 1 1 -1.544494
0.00394348 0.07006169 3 0 0.0382842
0.9924222 0.05060461 7 1 -2.132019
2.683421 0.4771498 3 1 0.2226093
2.801303 0.2383296 3 1 -1.43251
3.227842 0.2518024 4 1 -1.273297
0.852049 0.02494821 5 1 -0.0196097
0.5528816 0.09376266 8 1 1.769928
6.059173 0.2085991 3 0 -0.4081924
2.890014 0.171393 6 1 1.186406
0.04844564 0.3280637 5 1 -0.7675706
1.006078 0.1268985 7 0 -2.971597
3.119901 0.004383991 7 1 -2.648961
2.467804 0.1383946 12 1 -0.1752788
0.6732929 0.1214849 2 1 0.6491527
3.843754 0.1479018 8 1 -0.118662
0.1755181 0.5326435 7 1 -1.910093
0.472124 0.5271765 5 1 -1.837381
0.4739835 0.03296059 3 1 -1.432654
2.536902 0.01339671 1 1 -0.8169852
1.248757 0.188862 4 1 -0.2499351
3.380429 0.2527178 3 0 1.508613
0.3895491 0.2643486 2 0 -0.7578513
1.682045 0.3409233 2 1 1.401817
0.4658665 1.04197 4 0 -2.710986
2.742577 0.32853 5 1 1.763089
1.886766 0.1394862 5 1 -1.949756
0.1868654 0.01391055 2 1 1.391858
0.6989941 0.2357737 3 0 -0.6296994
2.169213 0.0849694 5 0 1.831825
3.891906 0.6001418 4 0 1.075578
0.03098971 0.07032335 2 1 1.166856
5.341005 0.1718633 1 1 0.179683
0.8931239 0.2579002 2 0 -0.6464069
0.1126688 0.01889149 6 1 -1.75791
0.08394006 0.27616 3 1 -2.79046
0.6492006 0.5000924 3 0 -2.442867
1.207781 0.4612181 4 1 1.545593
1.94775 0.2489723 7 1 -2.791714
4.82538 0.2465623 4 0 -2.166781
0.1649075 0.3858721 5 0 0.3019515
1.230522 0.539455 2 1 -0.5993915
0.9201745 0.1631228 5 0 -1.932295
0.3757108 0.2452542 5 0 -2.764743
2.710043 0.2536669 7 1 0.447494
5.936966 0.2090027 1 0 1.486063
0.1334344 0.3183837 5 1 -2.133031
0.9459135 0.1149514 4 1 -1.731341
2.180073 0.087829 3 0 -1.534753
0.6118939 0.1180002 2 1 -2.263252
2.994775 0.05294924 1 1 1.791374
2.480405 0.09108446 4 0 -2.318426
0.2274943 0.2232077 1 1 0.1718769
0.1118767 0.02325688 10 1 -2.052362
2.052407 0.1829912 6 1 1.748475
1.107781 0.1133613 5 0 -0.4988218
1.642609 0.5541346 4 0 -2.880594
3.552899 0.3784456 5 0 0.3263159
0.4038067 0.009145633 4 0 -2.035814
0.1765553 0.05213558 4 1 1.926246
1.547095 0.0284706 3 0 -2.608768
0.4184302 0.1490708 4 1 -2.456467
1.991043 0.3867926 5 0 -1.809411
0.3774278 0.5032708 8 1 -0.2028833
6.303607 0.7096151 6 1 -2.994527
1.344314 0.07548232 5 1 -1.667928
0.2607136 0.01841039 1 1 -1.270151
0.5276012 0.08827149 2 0 -0.9375808
4.328501 0.3276822 4 0 1.908047
0.9420134 0.1839373 1 1 -2.36711
0.3547175 0.1054622 5 1 -1.685773
1.188927 0.00409372 5 1 -0.1867206
1.637184 0.02735998 3 1 0.235129
2.255446 0.1754372 6 1 1.821204
5.331083 0.05336914 7 1 -0.591996
3.482756 0.1851532 7 0 -1.53981
0.4094915 0.04350359 4 1 -2.307557
0.6019161 0.3220404 2 0 -0.7136706
0.8674062 0.07018281 3 1 -1.877949
0.4344181 0.1548289 10 1 -2.415087
0.2460906 0.2540803 4 1 -1.541879
1.400633 0.9999128 4 1 -2.509537
0.2215005 0.08086316 4 1 0.9260791
0.5873216 0.0003744853 4 0 -2.823168
3.201737 0.04554185 8 0 -2.870332
0.367626 0.2528579 3 1 1.054356
0.03985042 0.230156 3 0 1.055539
6.456981 0.112126 2 0 0.9601794
0.05607105 0.1476297 5 0 1.131655
0.4018259 0.4582097 2 0 -0.9453033
0.09291663 0.1354217 2 0 1.621074
3.1416 0.3610923 5 1 -0.3254122
3.228885 0.2408202 2 0 0.2085058
2.116636 0.007602201 0 1 0.643439
0.1757947 0.09494487 4 0 -2.524061
2.298065 0.05699106 5 1 -0.3474581
7.133942 0.029761 4 0 -0.3476865
2.713426 0.3695371 4 0 0.3709248
1.30298 0.004293809 4 1 -1.887086
0.5899673 0.01945213 4 1 1.077971
5.208009 0.1128875 4 1 -1.825328
1.038946 0.002153724 4 1 0.644773
1.999356 0.09317196 6 1 -0.01084727
2.477149 0.1042121 3 0 0.4284695
0.6000005 0.1660057 5 0 -0.1631485
0.001000624 0.189057 3 0 1.368848
1.015515 0.3369541 9 0 1.965203
0.9470457 0.4902517 6 0 -0.3401362
0.5599889 0.2426852 3 1 -2.313118
1.069636 0.1837804 4 1 -0.605392
4.352349 0.01742558 4 0 -0.6923655
2.540079 0.20948 7 0 -2.108664
4.170952 0.05426673 4 1 1.85918
1.211877 0.1225262 1 1 0.2051095
0.2445941 0.07957025 7 1 -1.689194
4.553826 0.2169769 4 1 -0.9956701
0.9946364 0.4161557 5 1 1.049178
0.1685422 0.001042515 4 1 1.797599
1.04836 0.3156458 2 0 -1.260591
0.3047516 0.01046484 2 1 -2.679537
1.976291 0.4566604 7 0 -2.285356
1.250669 0.04620595 2 1 -0.5633195
0.0966241 0.221104 6 1 -2.051625
1.514882 0.05295887 5 1 -0.8268405
0.9309312 0.02162156 4 0 -2.067785
1.495229 0.1872174 3 0 0.05414005
0.607424 0.0107879 6 0 0.3552892
0.374116 0.07078105 5 1 -2.966424
2.843047 0.03447614 4 1 1.753347
0.9586332 0.1270591 5 1 -0.1137761
0.365294 0.3841721 3 0 1.517487
0.1516437 0.2534602 2 0 -0.1078551
2.68013 0.338394 6 0 -0.1880033
2.953854 0.6177592 3 0 -1.521477
0.1127848 0.3459373 3 1 1.540878
1.436775 0.009050475 4 1 -0.6544413
1.413593 0.2072116 4 1 -1.638461
1.795008 0.1643226 4 0 -1.617213
1.524261 0.3011933 4 0 -2.284122
0.3316406 0.1255394 4 0 -1.747951
5.257628 0.002982315 1 0 -0.3678222
4.048968 0.1870998 4 1 -1.647445
2.794383 0.5909228 1 0 -2.160995
3.180049 1.4463 6 1 0.1564549
2.962278 0.1257969 3 0 0.2406367
1.757001 0.1956595 4 1 1.113727
0.2674719 0.01727184 8 0 -0.5135606
0.7256299 0.06734209 5 1 0.6209823
5.106062 0.3231071 8 0 -0.2177701
1.362193 0.01636177 5 1 -2.644183
1.83057 0.2122015 3 0 -2.265083
2.956168 0.05456362 4 1 -0.4422849
0.4108029 0.2737288 12 0 -1.92643
0.5125419 0.1894679 2 1 -2.00679
0.08853163 0.01848554 3 1 -1.172498
2.237664 0.4149858 3 1 -2.189864
0.002330598 0.5309734 0 0 -2.996404
3.103554 0.3859256 6 0 -0.3448283
