0.423268
174.6529
0.4105605
7.32796
54.14554
1.148814
2.707093
62.72606
3.74167
4.527403
7.5996
20.54276
4.627203
2.049287
4.58398
9.09122
16.61185
43.36316
4.936553
1.21904
4.447999
65.6571
20.14353
61.22807
6.799863
6.549695
0.03952883
4.079089
20.39326
0.8899955
0.0135469
1.199648
2.135339
10.12551
1.094444
0.001516752
0.03252121
24.758
9.531743
7.259538
9.354694
0.04324933
1.43238
36.19489
10.22295
23.70605
0.3355879
9.064439
18.40837
3.148111
