-1.954865
4.748456
5.605688
4.410029
0.3540966
1.060529
1.752334
13.29616
-10.03086
4.787814
7.619117
7.512412
-13.03857
-7.705622
-4.036443
-10.02125
0.9720351
5.543131
4.61819
1.909299
5.694592
3.439738
13.06292
15.86425
-5.287261
5.299568
5.082057
-10.57625
11.94173
-1.385585
-0.3782948
-6.405458
-5.036184
0.6009196
-0.005185162
-1.701359
-1.671183
-0.5536539
4.877697
0.8818376
6.468741
1.358025
1.107129
3.175473
1.011759
2.097623
0.6210815
5.156999
3.681597
-1.134881
