-1.541939
1.098555
-1.890599
17.67065
-10.56841
-4.269374
4.988164
-3.591884
5.573979
7.7477
9.521607
7.707406
0.31279
-2.246277
1.949821
-5.003983
-2.970167
-5.883613
-2.560219
4.714071
1.596067
-6.555285
-9.698101
0.4394931
10.91244
2.671891
-1.619446
-0.7756392
3.919887
2.683594
7.287324
6.12245
3.7031
-3.617063
3.726209
5.4886
1.972934
-7.84193
8.580899
6.273306
-7.745173
1.255919
2.587045
-11.90156
10.72437
4.441755
-10.6817
7.204301
-9.937238
1.348946
6.336435
1.935327
4.48798
-0.6581918
-11.23652
6.251662
-3.974005
-0.9653909
9.570166
6.844397
7.695979
-5.240885
25.75963
4.182353
0.03105253
15.7993
-5.33918
0.886026
14.72088
-5.20234
3.160507
7.812286
-0.2981856
-1.874164
2.210022
5.788783
27.44065
9.911047
2.576123
-3.054255
6.586962
7.026708
3.403349
-1.306901
3.193179
2.451453
15.30452
4.107484
-3.354466
8.954845
4.449605
-0.1873423
-4.428741
2.451076
-6.347147
-9.475911
13.54444
5.764632
-9.435216
3.269553
-6.468798
-1.09043
-6.301516
11.59571
13.57925
6.788578
-12.93484
-10.64822
7.658015
0.03188914
2.943276
-2.777502
5.672414
-6.236255
0.5529884
10.46201
5.916772
-0.8079184
-4.281716
11.48516
11.06934
11.0942
-11.72228
-11.41123
1.000963
4.153304
5.980733
8.384239
-0.9666528
-9.173784
-3.306802
-8.016709
15.60952
9.034135
-10.0982
-12.21082
11.24893
-4.789173
4.042258
1.359472
-2.898947
1.151718
10.59031
6.432015
14.44016
18.42499
-9.727302
0.7803676
-10.18283
-6.959014
-10.80555
-1.337251
-5.239805
-0.7750682
8.346099
0.9110432
-6.08418
-6.35242
6.304484
8.006026
-3.239004
4.558457
18.09702
-9.427866
3.873643
15.06923
-4.524536
8.238062
19.0949
0.9380075
5.332574
9.007088
3.369085
1.841428
5.22629
-8.189041
-9.739347
31.50041
5.488849
19.86697
7.868745
0.4547926
6.36421
7.988793
-2.690844
-6.00519
11.16512
-10.15629
8.265109
15.42103
-0.7129647
1.250759
-0.575102
-9.102881
11.28321
0.5557348
4.858388
-4.734224
6.397685
-7.149441
14.99044
-6.631879
7.142991
-2.847801
9.890496
5.592225
14.79962
-7.765654
-3.281707
-6.382119
17.83969
1.242703
1.261347
-0.3505705
9.148576
3.475713
3.363252
21.7941
1.921719
5.536297
-5.509871
9.033322
3.617247
-2.296792
2.055423
-0.5341705
-2.96102
-0.1335177
0.9829574
4.416809
10.94536
5.954506
2.577348
1.270375
-7.912703
11.37196
17.05598
6.09616
1.172063
4.347064
4.500092
0.6298536
3.131568
20.02509
-4.062237
-12.93329
9.580483
-7.769907
4.149853
-12.3456
-6.175876
5.984257
-1.404804
6.224165
-2.083353
-4.630821
9.059739
-4.431514
7.401345
-8.183033
5.541982
9.211575
0.3658257
3.8411
-5.006322
-1.511148
1.363276
14.88655
7.817508
5.597474
14.93719
2.223517
-1.84633
6.203979
1.428111
-0.1089322
-1.326585
4.047508
-0.3079531
3.196018
-6.261573
-9.009576
1.007698
4.961352
5.957069
-4.841347
6.639196
32.71065
-4.780472
-5.482311
7.073679
5.080346
-1.209957
8.428727
5.370561
6.238988
2.220604
-8.711393
2.367692
0.6165221
-11.36081
3.991465
3.664882
10.68085
2.170165
-5.36981
-3.706613
-2.221191
-1.439563
4.840801
-0.9515448
1.996131
-3.783202
4.056243
1.327383
6.564939
-5.896862
3.848268
-0.1361518
6.512561
2.130589
10.49409
2.906145
-3.509597
21.37173
2.83084
5.785245
-8.041554
-2.966536
0.07526632
-8.118151
-6.954799
-2.644953
-2.305747
-6.999945
-10.29597
6.075568
6.295774
18.76294
2.515194
6.020175
0.4037002
-4.540463
-1.736626
-6.228944
7.842427
1.196143
2.749124
0.9453268
6.856391
15.53583
11.67637
-4.818294
-10.85015
-3.112512
4.703592
3.407915
9.756119
-8.186048
-6.619446
-2.704268
4.075668
1.541526
14.76627
-3.01682
11.69729
-11.04296
15.49142
-1.631337
5.206688
-1.567937
13.5908
14.22968
3.422428
14.74343
-0.8188989
-8.238364
-11.10866
-9.518867
9.640683
-6.602443
3.831144
-0.1393405
-0.237218
-6.219319
-11.54045
19.36105
22.21774
-6.733128
-6.062071
-0.9588929
-8.91947
14.31663
-3.734082
0.6918546
-8.972091
11.6734
-0.5131566
-8.126932
10.082
-7.940761
6.495354
-7.687136
-10.55257
-3.140884
-1.677953
5.724138
-3.939266
-5.370691
-2.853814
22.22209
-6.909498
-6.883943
1.410428
4.698007
15.09504
12.02865
4.500367
-7.494365
-1.970273
-6.0557
-8.601231
-7.177598
-7.174212
2.370499
-10.44335
-3.420847
5.121667
2.646706
23.04663
3.415997
-4.553607
4.921175
6.591931
9.270013
7.315049
-0.1279204
3.966953
21.40977
7.649532
-4.999502
4.379642
6.489519
3.794338
5.276542
8.047053
-0.3303176
3.637181
9.374978
-0.4013736
-8.58143
-0.951956
8.394236
-2.796417
18.07321
2.457365
-7.23157
8.378304
6.108391
7.009728
-0.2928882
-10.07099
-4.417554
0.08925969
-9.070691
2.281166
-7.074961
4.913585
3.750819
-11.66469
14.39641
2.176658
5.417476
-1.314453
5.290057
1.863009
4.957133
1.493923
-4.008063
-1.248861
-5.842545
-7.974751
12.45973
4.025907
-1.511493
8.55735
19.29032
8.188501
0.1468647
2.686374
13.08701
-8.192298
-5.401817
5.19777
-7.151448
-7.587809
-5.902122
-3.887677
-13.511
6.049382
