0.006005354
0.1417866
0.2593688
0.8270371
1.628588
1.673124
1.981014
2.015298
2.831079
4.052456
4.214456
4.762491
4.872122
5.055445
5.174698
5.527522
5.691988
5.864609
6.157075
6.245237
6.32511
7.45225
7.699971
7.841552
8.557404
8.607474
8.728217
9.082892
9.660621
10.00567
10.00924
10.1274
10.47831
10.55092
10.7329
10.96945
11.34287
11.34765
11.64413
11.91571
12.44596
12.89273
13.71784
13.9165
14.01527
14.03552
14.06887
14.14239
14.46327
14.56909
15.01566
15.03822
15.8955
16.09229
16.43897
16.47261
16.76142
17.11592
17.33464
17.37753
17.62208
17.66304
17.85775
18.12926
18.36801
18.8418
19.1304
19.65372
20.07914
20.53821
20.61801
20.7715
21.92782
21.99279
22.42008
22.7265
22.74985
22.95131
22.95351
23.30522
24.15291
24.18616
24.20863
24.40615
24.87204
25.00449
25.57181
26.05679
26.29908
26.49156
26.49589
26.50268
26.71373
26.85257
26.94827
27.04086
27.62707
28.42035
29.09556
29.10839
29.16966
29.18935
29.4648
29.59896
29.62899
30.44935
30.92035
30.98107
31.45421
32.26963
32.43887
32.70979
32.86356
32.89023
33.08582
33.66058
33.79501
33.80471
34.20958
34.34078
35.39907
35.59305
35.65733
35.82293
36.025
36.25939
36.75215
36.94233
37.02199
37.41206
37.56935
37.83946
38.36996
38.37403
38.88553
38.99486
39.06758
39.17882
39.20803
39.90314
39.92522
40.13035
40.27909
40.76941
41.20412
41.25943
41.37197
41.5753
41.64633
41.81339
41.88336
42.21381
42.68853
43.14064
43.33278
43.71244
43.8286
44.07972
44.80526
45.86691
46.43443
46.50651
46.72955
46.84505
47.00748
47.0915
47.15609
48.36199
48.60612
48.80259
48.82933
49.21785
49.248
49.37015
50.0361
50.38505
50.77843
51.17331
51.46148
52.73379
52.93621
53.32428
53.36619
53.49279
53.57239
53.88854
54.50289
55.18946
55.96306
56.40177
56.8916
57.20996
57.32944
57.3692
57.45315
57.61033
57.64285
57.86468
58.04316
58.05125
58.05385
58.11515
58.2108
58.52502
58.60074
58.9548
59.08541
59.27366
59.37419
59.48091
59.83415
59.8535
60.35876
60.60686
60.63051
60.69135
60.73895
60.96965
61.06638
62.07522
62.54602
63.35353
63.47103
63.54399
64.02054
64.31696
64.80566
65.10746
65.12567
65.7176
66.06593
66.48868
66.54013
66.86438
66.8864
66.9441
67.2099
68.00975
68.20213
68.26264
68.60057
68.61237
68.79741
68.9007
68.94623
69.28396
69.33943
69.48929
70.12436
70.13661
70.27699
70.49577
70.59802
71.32506
71.41301
71.83641
71.98782
72.35596
72.89756
73.21556
73.95689
74.6855
74.80977
75.21213
75.48484
75.76861
75.81266
76.08451
76.38478
76.78018
76.80166
76.85189
77.15567
77.20484
77.34522
77.49322
77.84645
78.49344
78.60501
78.6709
79.07956
79.1183
79.62599
80.34332
80.57331
80.65961
80.66804
80.93768
81.49368
81.7493
81.90189
81.90391
82.00617
82.11396
82.2584
82.60547
82.64383
82.7521
82.81947
83.65388
83.78402
83.89407
84.06703
84.21793
84.36867
84.53771
84.66488
84.70113
84.9683
85.15275
85.30665
85.38433
85.58662
85.60726
85.71436
85.89012
85.95326
86.03758
86.07733
86.23407
86.31246
86.39306
86.82737
87.01666
87.02281
87.19385
87.36901
87.54414
87.96209
87.99289
88.03967
88.12733
88.73205
88.75597
89.29988
89.42289
89.46801
90.02119
90.51627
90.5542
91.82363
91.93139
92.15898
92.26795
92.51158
93.2246
93.53243
93.69891
93.88973
94.0837
94.22694
94.36845
94.54763
94.70062
94.73347
94.74676
95.84392
95.98656
96.37833
96.41811
96.54918
96.74878
97.39652
97.62673
97.64446
97.67099
97.85014
97.96052
98.06467
98.23183
98.24039
98.38652
98.67059
98.79221
98.80668
98.90418
99.70301
99.81648
101.2749
101.3587
101.5618
101.6534
101.7751
102.2953
102.4882
102.5849
102.5857
102.593
102.776
103.3346
103.465
104.3864
104.7332
104.956
105.2703
105.3949
105.6281
105.8032
106.0796
106.3384
106.3639
106.3673
106.7867
107.1186
107.2215
107.4101
107.4366
107.4753
107.9536
108.1389
108.7107
108.7736
108.7737
109.1929
109.3466
109.4481
109.5039
109.5475
110.0864
110.2364
110.3005
110.419
110.9637
111.558
111.6007
111.6868
111.7938
112.1344
112.4373
112.8204
112.9742
113.1319
113.4466
113.718
113.8193
114.2033
114.2989
114.5939
114.8469
114.9314
114.9341
115.0523
116.0572
116.393
116.5992
116.7858
116.9448
117.3267
117.4426
117.4522
117.4785
117.5572
117.7871
117.8378
118.3161
118.4809
118.6592
118.7059
118.7676
119.5595
119.6729
119.7615
119.8266
119.9037
120.755
121.22
121.5367
122.4811
122.5363
122.5703
122.8568
123.1376
123.2995
123.3221
123.4956
123.5206
123.5727
123.888
124.1306
124.5005
125.3564
125.3793
125.4671
125.5277
125.5287
125.6005
125.725
125.7399
125.7899
126.5714
126.6894
126.854
126.956
127.5152
128.1984
128.3286
128.8466
129.7125
130.1323
130.2106
130.303
130.3468
130.7552
130.7715
131.1339
131.3962
131.4345
131.4567
131.5886
131.625
131.6641
131.7813
131.9145
132.0494
132.3653
132.3858
132.6566
132.6971
132.707
132.925
133.2374
133.5519
133.592
133.845
134.1526
134.251
134.2986
134.3267
134.625
134.9467
135.0268
135.2857
135.3449
135.5746
135.6629
135.7672
136.1229
136.7764
136.8863
137.316
137.3266
137.3484
137.6846
138.3177
138.3614
138.5438
138.8838
139.0779
139.4863
139.7743
139.9306
140.1218
140.3447
140.7917
141.1276
141.5614
141.9782
142.1319
142.5308
142.7566
142.8189
142.821
143.0085
143.1756
143.3575
143.5632
143.7327
143.8367
143.9029
144.0202
144.2043
144.331
144.7389
144.7724
145.0319
145.9868
146.228
146.3555
146.4344
146.9023
147.017
147.0866
147.6494
147.9324
148.2248
148.258
148.3223
148.6518
148.8319
148.9812
148.9903
149.1827
149.2787
149.4518
149.5183
150.0218
150.0882
150.3506
150.4252
150.9171
151.3339
151.6193
152.5027
152.9596
152.995
153.0093
153.0229
153.6346
153.6659
153.698
154.468
154.5284
155.1032
155.9057
156.1722
156.3571
156.4035
156.6064
156.9617
157.996
158.0854
158.1199
158.2101
158.6137
158.6175
159.093
159.5557
160.1594
160.6199
161.0468
161.479
162.01
162.0311
162.4675
162.477
162.9407
163.6735
163.7667
163.8708
164.1835
164.2406
164.3829
164.5476
164.6355
164.6539
164.8524
164.9254
165.0034
165.9712
166.2161
166.4385
166.5414
167.015
167.1709
167.5878
168.5821
168.5983
168.7684
168.9011
169.1702
169.3102
169.3568
169.7043
170.3971
170.4147
170.5802
170.6053
170.8722
171.1028
171.6002
171.7192
171.9056
172.6232
172.9501
173.244
173.495
173.6664
174.0187
174.0629
174.1161
174.1734
174.5508
174.6462
175.3437
175.3482
175.6901
175.9401
175.9414
175.9881
176.9383
176.9742
177.1089
177.7919
177.9571
178.0992
178.5288
178.6256
178.6776
178.6951
178.8656
178.895
179.0991
179.1706
179.1803
179.2921
179.6618
179.7888
180.0317
180.3309
180.593
181.4984
181.859
182.2348
182.2423
182.2739
182.3601
182.6526
182.6881
182.7329
182.9379
183.3377
183.6092
183.7334
184.0269
184.2863
184.764
184.9187
185.2994
185.5388
186.0466
186.7155
186.7778
188.3305
188.4264
188.7035
188.776
188.8667
188.8937
189.32
189.3403
189.543
189.7518
189.754
190.4573
190.6264
190.6766
191.1569
191.3166
191.3653
191.6046
192.2902
192.3822
192.8234
192.8702
193.3808
194.8094
195.7162
195.7162
195.8979
196.0203
196.9068
197.1379
197.181
197.4403
197.4441
197.9045
198.2083
199.1489
199.6444
199.979
200.0777
200.1991
200.2498
200.2712
200.3214
200.3785
200.747
201.1525
201.5555
201.7133
201.9011
201.9583
202.2194
202.364
202.4718
202.5117
202.5233
202.8339
203.2237
203.2732
203.3257
203.4009
203.5795
203.5855
203.6718
203.9762
204.0287
204.5332
204.6308
204.8293
205.4939
206.026
206.0998
206.6033
207.0726
207.1361
207.4233
207.7585
207.9918
208.0965
208.2212
208.6346
208.8561
208.8926
209.1431
209.1852
209.2451
209.2767
209.5865
210.4702
210.6949
211.2808
211.4346
211.5142
211.7448
211.8694
212.0969
212.2157
212.2282
212.5146
212.769
212.9701
212.9773
213.0362
213.2058
213.5338
213.5814
213.6187
213.8016
213.808
214.2492
214.4128
215.0628
215.287
215.5642
216.1311
216.5671
217.0999
217.3624
217.6996
218.4728
218.4951
219.376
219.8901
220.4026
220.4936
220.5213
220.768
221.2656
221.2692
221.3406
221.4761
221.5164
221.7829
222.0685
222.3144
222.9068
223.3793
223.5776
223.5816
223.9035
224.2711
224.2716
224.5114
224.8107
225.01
225.2355
225.4743
225.6662
225.9912
226.4233
227.0085
227.1289
228.0919
228.1144
228.5366
228.5596
229.2465
230.0011
230.3039
230.54
231.0969
231.1138
231.5501
231.8757
232.4595
232.6073
232.7147
232.9979
233.7868
234.0015
234.1099
234.7639
235.0206
235.1644
235.2859
235.9186
235.9593
236.0324
236.9797
237.0426
237.081
237.3682
238.3246
238.8382
239.3433
239.3924
239.8044
240.1688
240.3175
240.5164
240.6753
241.1349
241.2076
242.3953
242.489
242.603
243.0885
243.1775
243.3674
244.337
244.3966
244.8866
245.1492
245.157
245.3752
246.0931
246.1112
246.3119
246.4984
246.5925
246.7811
246.848
246.8792
247.1804
247.9989
249.1661
249.4352
249.9444
250.248
250.4617
250.5983
250.6619
251.1289
251.1598
251.2608
251.3518
251.3679
251.938
252.8281
252.8708
253.1042
253.1049
253.2039
253.3166
253.6276
253.7225
253.8004
253.9055
254.5331
254.6727
254.8143
255.0155
255.3429
255.6185
255.7669
255.7706
255.9553
256.2434
256.4839
257.0166
257.5853
258.1563
258.4603
259.1042
259.303
259.4114
259.4452
259.6425
260.0096
260.3578
260.879
260.9322
261.1797
261.4276
261.6033
261.6332
261.6411
261.7478
262.1908
262.4413
262.5882
263.2631
263.2819
263.5661
263.9483
264.0435
264.2698
264.4127
264.725
264.9299
265.2729
265.3264
265.3965
265.6928
266.4031
266.4273
266.7481
266.8448
266.9059
267.1833
267.3215
267.6896
267.7298
267.7362
267.9132
268.3936
268.5892
268.5901
268.6454
268.8291
268.9172
269.4862
269.502
269.5274
269.5553
269.5775
269.6206
269.6861
269.7336
270.0238
270.4475
270.8572
270.8829
271.0771
271.2198
271.459
271.796
271.8776
271.8813
271.8888
272.4673
272.5176
272.7511
272.9618
273.1502
273.2337
273.4669
273.4676
273.5188
273.5888
273.7061
274.3834
274.7966
275.1064
275.1612
275.2357
275.282
275.465
275.4975
275.8342
276.8206
276.8751
277.0382
277.5688
278.6259
278.6265
278.6521
278.8347
279.2252
279.4894
279.7433
280.2431
280.2986
280.5553
280.777
280.9822
281.0006
281.3792
281.5768
282.0365
282.1979
282.2068
282.4049
282.557
282.6674
282.7692
283.8697
284.1863
284.2309
284.5636
284.5659
284.8103
285.7355
285.7447
285.998
286.0481
286.1885
286.7507
287.1918
287.3257
287.5758
287.6634
287.7585
288.5069
288.6148
289.0557
289.1993
289.2908
289.7142
289.9927
290.3124
290.6694
291.0136
291.0559
291.1258
291.2519
291.4111
291.4922
291.5186
291.5219
291.6874
292.2479
293.473
293.7519
293.8784
293.8853
293.9545
294.2959
294.5138
294.6027
294.6616
294.7931
294.9219
295.0255
295.1554
295.1572
295.232
295.8985
295.9116
296.2459
296.2959
296.3895
296.538
296.5922
296.6429
296.6923
296.7653
296.9389
297.2406
297.2866
297.5703
298.0025
298.6943
298.7858
299.8453
299.9589
300.0937
300.1704
300.2534
300.6018
300.6129
300.6261
300.8107
300.9005
301.2155
301.3881
301.546
301.6813
301.7343
301.9705
302.1139
302.4255
302.5096
302.8533
302.8856
302.9768
302.9919
303.2033
303.6262
303.7844
303.867
303.9404
304.3148
304.3909
304.8232
305.4204
305.5054
305.5936
305.6385
305.8219
305.9013
305.924
306.3483
306.7455
306.7719
307.986
308.3461
308.5354
308.5879
308.6023
308.657
308.8729
309.1286
309.3524
309.4626
309.6067
309.7113
309.8495
309.8534
309.9204
310.1635
310.1663
310.4046
311.1918
311.5441
311.5639
311.8104
312.0516
312.122
312.1417
312.1659
312.2875
312.5099
312.5138
312.6243
313.4999
314.4295
314.4603
314.6712
314.7984
315.1732
315.3783
315.8835
316.7477
317.3085
317.585
318.8659
318.8668
319.0454
319.1156
319.581
319.8174
319.8874
320.7246
320.8116
320.9286
320.9521
321.6991
322.1432
322.1483
322.7625
322.88
323.0728
323.1588
323.2037
323.2888
323.437
323.4792
323.9403
324.0654
324.0773
324.2876
324.4074
324.5254
324.5978
324.743
324.8269
325.4128
325.5158
325.873
325.945
325.9555
326.206
326.6399
326.7986
327.1405
327.6085
327.6697
327.6821
327.7466
327.9047
328.0406
328.0908
328.1665
328.4867
328.7239
328.774
328.8726
329.4201
329.4381
329.4615
329.9584
330.3908
330.7625
330.9032
331.2315
331.2909
331.6981
331.7101
331.8757
332.3567
332.5661
332.8964
332.9329
333.1266
333.171
333.6043
333.8614
333.9117
334.2365
334.2687
334.3277
334.4982
334.5112
334.5352
334.838
334.8861
335.0371
335.3246
335.8276
336.2984
336.6101
336.6503
337.3108
337.5837
337.7704
337.9391
338.0804
338.2689
338.2717
338.6871
338.8671
338.8751
339.2408
339.5015
340.1397
340.6113
340.7167
340.979
341.4108
342.1911
342.3104
342.3157
343.0661
343.1015
343.4866
343.4879
343.5375
344.1565
344.1924
344.3589
344.4011
344.7289
344.8093
344.8871
345.1131
345.4043
345.5301
345.5995
345.6655
346.3281
346.4475
346.5133
346.6261
347.0596
347.4606
347.5103
347.5904
348.1136
348.2788
350.3213
350.4585
350.7974
351.0548
351.4026
351.5541
351.7224
352.3777
352.8142
352.9016
353.3939
354.0794
354.5759
354.6911
355.0731
355.1608
355.2585
355.5672
355.5716
356.0903
356.1151
356.1234
356.4323
356.8968
356.9828
357.1989
357.9625
358.1396
358.187
358.2354
358.3015
358.6381
358.7645
358.9441
359.0217
359.0366
359.0727
359.4135
359.5833
359.7187
359.7905
359.9519
360.0206
360.1669
360.194
360.3472
360.5012
360.5927
360.828
360.9365
361.0186
361.2495
361.5881
361.8891
361.9647
362.2308
362.6054
362.6966
362.948
363.0479
363.3749
363.402
363.4937
363.6207
363.846
364.01
364.024
364.3287
364.4802
364.491
364.6408
365.6348
365.7294
365.8637
365.9094
366.5451
366.6203
366.9385
366.9944
367.2403
367.3442
367.5318
367.9004
368.1795
368.3622
368.7356
368.7363
368.8519
369.3135
369.5145
369.563
370.0898
370.1679
370.1687
370.5436
370.5599
371.0381
371.0497
371.3996
371.444
371.8021
372.4128
373.2014
373.2121
373.5421
373.8976
373.9725
374.5382
375.1716
375.6313
375.6682
375.7547
375.7634
375.8663
376.0442
376.4355
376.5575
376.6305
376.8395
377.1182
377.4127
377.4787
377.9802
378.05
378.3206
378.324
378.3912
378.6637
378.9981
379.0142
379.0358
379.4199
379.81
379.8485
380.0041
380.1136
380.159
380.5083
380.5448
380.5957
380.6368
380.7853
380.9828
381.112
381.1152
381.3604
381.4507
381.7259
381.955
382.248
382.2884
382.7139
382.7585
384.1287
384.6588
384.9896
385.164
385.4631
386.2341
386.3377
386.6942
387.0865
387.5275
387.59
387.6158
387.6964
387.7891
387.9162
388.1076
388.1094
389.1888
389.5117
389.5934
389.6651
389.7581
389.9786
390.1559
390.3995
390.5995
390.8167
391.0508
391.1807
391.5755
391.8485
391.8821
391.9918
392.1338
392.369
392.5655
392.6854
392.9376
394.0744
394.4829
394.4884
394.6364
394.9676
394.9865
395.117
395.4497
395.6018
395.7573
396.6652
397.3259
397.3488
397.3901
398.0232
398.6718
399.15
399.2276
399.2429
399.2942
399.6386
399.6869
400.1157
400.291
400.712
400.7695
401.0406
401.0745
401.2358
401.5438
401.7351
402.0182
402.1334
402.1708
402.4781
402.6838
402.6978
403.2745
403.324
403.828
404.0909
404.7022
404.7687
404.7831
404.8605
405.2832
406.3261
406.6562
407.3581
407.9225
407.928
408.1606
409.1717
409.3961
409.8627
410.0681
410.154
410.3123
410.7219
410.7995
411.0783
411.1615
412.2556
412.8457
412.9725
413.2284
413.391
413.6822
413.7639
413.7762
414.311
414.5457
414.7945
415.2242
415.5161
415.6094
416.1704
416.1765
416.2608
416.5068
417.1336
417.2294
417.2935
417.8668
418.0553
418.476
419.1367
419.1664
419.3632
419.5441
419.682
419.76
420.0878
420.3698
420.6013
420.6401
421.1224
421.1352
422.0243
422.3957
422.6905
422.815
423.5611
424.1908
424.1926
424.2185
424.2322
424.3429
424.3621
425.2951
425.964
426.0681
426.8364
426.9392
427.2649
427.3172
427.4206
428.1407
428.2224
428.5311
428.5443
428.6966
428.7278
428.7372
429.5902
430.6693
430.6851
431.067
431.9002
432.2121
432.3448
432.4541
432.6345
432.7544
433.0635
433.8393
434.456
434.5584
434.6406
434.7597
434.7864
434.8975
435.2084
435.2981
435.3907
435.7304
436.6193
436.9588
437.1089
437.4597
437.6421
437.8939
437.9129
437.9184
437.9854
438.1263
438.3333
438.5779
438.6961
438.7381
438.9832
439.0107
439.0387
439.1078
439.2703
439.5348
439.8464
439.9416
440.2992
440.3744
440.475
440.8672
441.1243
441.3064
441.4697
441.8029
442.2161
442.2474
442.3021
442.4312
442.4324
442.4683
442.5863
443.0711
443.2157
443.3972
443.3982
443.4058
443.996
444.0694
444.3398
444.5053
446.5142
446.7969
446.8992
446.968
447.1815
447.1841
447.8328
447.8597
447.9141
448.0888
448.1921
448.3761
448.7564
448.8085
448.9178
449.673
450.0301
450.5492
451.1258
451.8657
451.9526
452.0665
452.1967
452.2261
452.3978
452.6618
452.778
452.8072
453.862
454.8125
454.8547
455.1625
455.3534
455.938
456.3011
456.3068
456.3916
456.5205
457.1034
457.3206
457.6039
457.8399
458.4795
458.6026
458.8011
458.9219
459.0967
459.2471
459.8216
460.1027
460.2495
460.4182
460.5183
460.645
460.9046
461.0356
461.1144
461.2083
461.2714
461.818
461.8465
462.2206
462.3046
462.9639
462.9929
463.0241
463.7391
463.7685
464.0813
464.1395
464.733
464.7483
464.8176
464.8688
464.9189
464.9395
465.4101
465.5778
465.6694
465.6893
465.8124
465.8763
465.9422
466.0091
466.1253
466.698
466.8717
467.4115
467.4488
467.469
467.5083
467.8102
468.0208
468.2031
468.542
468.8877
468.9761
469.3787
469.6819
469.6832
469.8919
470.0645
470.123
470.295
470.6338
470.7543
470.9633
471.0137
471.3093
471.6693
471.8138
472.1272
472.1854
472.2992
472.2999
472.3248
472.4816
472.5867
472.703
473.137
473.1962
473.3049
474.0234
474.0798
474.1007
474.2048
475.5495
476.3926
477.0569
477.0741
477.5348
477.5921
478.0449
478.0475
478.5311
478.868
479.2294
479.6962
480.1616
480.4325
480.6054
480.6568
481.3219
481.5465
482.0094
482.3816
482.5362
482.7291
482.9276
483.075
483.2972
483.4257
483.5764
484.0899
484.2417
484.5447
485.3049
485.4674
485.5177
485.5863
485.8533
485.8649
485.874
485.9792
486.6268
487.2622
487.5732
488.225
488.2813
488.6302
489.261
489.2842
489.5655
490.081
490.4027
490.9017
491.0734
491.4101
491.6388
491.7644
491.7748
491.8352
492.6933
492.8585
493.0957
493.4804
493.5667
493.7106
494.1239
494.2534
494.2863
494.6778
494.7349
494.8913
494.9036
494.9639
495.1753
495.5087
495.8203
496.0618
496.4661
496.6725
496.8736
497.232
497.2466
497.3082
497.8565
498.2794
498.3537
498.8109
498.9506
499.3517
499.7697
499.9694
500.1448
500.4317
500.6281
500.6908
501.4591
501.7288
501.8659
501.935
502.1784
502.6377
502.6954
503.3308
503.8325
504.0656
504.1462
504.2629
504.3409
504.5406
505.0105
505.0935
505.5673
505.7681
505.7968
505.9737
506.0158
506.3401
506.5844
506.8768
507.1027
507.3579
507.3644
508.2569
508.3513
508.616
508.6727
508.9123
509.0305
509.277
509.3804
509.8229
510.1777
510.6329
511.4101
511.5222
512.1822
512.4006
512.6923
513.187
513.2556
513.2629
513.5245
513.7762
514.0902
514.3044
514.4407
514.6188
514.9276
515.1265
515.9689
516.3556
516.4506
516.4699
516.8979
517.1119
517.2095
517.2261
517.2396
517.3864
517.6437
518.2237
518.2723
518.4034
518.6318
519.3767
519.5653
519.7014
519.7844
520.0951
520.2862
520.3597
520.4508
520.9793
521.4904
521.6317
521.8596
522.1517
522.7674
522.9764
523.1466
523.2177
523.615
523.6317
524.0661
524.2703
524.5154
524.6926
524.8201
525.3997
525.6845
526.5518
527.0369
527.1035
527.7385
528.0829
528.1735
528.6398
528.8388
529.1746
529.5759
529.5938
530.0188
530.4135
530.5033
530.717
530.7369
531.2513
531.3282
531.3867
531.6623
531.8513
532.4609
532.5984
532.6548
532.6646
532.8768
532.9984
533.2828
533.3595
534.4124
535.6515
535.7259
536.0206
536.1663
536.3233
536.6059
536.7915
537.0191
537.0365
537.3192
537.3453
537.704
538.1236
538.3239
538.6612
538.8408
539.2415
539.9269
540.0214
540.5912
540.7283
541.0573
541.9946
542.0471
542.1865
542.2156
542.2712
542.4869
542.849
542.9289
542.9485
543.0273
543.1963
543.6274
544.135
544.1376
544.4538
544.9036
545.3142
545.5914
545.7869
545.902
545.9908
546.0266
546.1517
546.3912
546.5589
546.7927
546.8843
547.2349
547.728
547.929
547.9791
548.2051
548.5684
548.9107
549.0238
549.1205
549.2613
549.3195
549.3914
549.8385
549.8996
550.057
550.1792
550.272
550.6707
550.7846
550.907
551.1477
551.2144
551.7514
552.1864
552.321
552.4229
553.0654
553.1076
553.5676
553.6871
553.8398
553.8935
554.8646
555.5047
555.6754
556.2883
556.4272
556.6374
556.8959
556.9052
557.4107
557.6223
557.7994
557.8272
558.0814
558.1685
558.1693
558.3065
558.3478
558.394
558.4307
558.5083
558.5608
559.0636
559.331
559.666
559.6759
560.2962
560.4545
560.5945
560.6247
561.0284
561.5949
562.0713
562.0722
562.3477
562.6255
562.8613
563.3699
563.4589
564.1365
564.2849
564.4216
564.7177
565.992
566.0504
566.2625
566.5925
566.8154
566.9693
567.4056
567.7745
567.9043
569.0813
569.1212
569.716
569.9574
570.0048
570.1355
570.8011
570.9894
571.0782
571.2375
571.2592
571.5691
571.7271
571.7923
572.2552
572.525
572.7278
573.0294
573.0823
573.528
573.7518
573.8659
573.954
574.7949
574.9813
575.0901
575.6913
576.5439
576.6317
576.7366
577.203
577.2067
577.3632
577.5326
577.7934
578.0326
578.1126
578.1194
578.2821
578.3177
578.3271
578.4331
578.769
578.7947
578.9063
579.1687
579.2768
579.3496
579.446
579.8131
579.8539
580.0297
580.6066
580.8254
581.2038
581.3822
581.6181
581.8391
581.9586
582.128
582.5003
582.5949
582.6893
582.7734
582.7876
583.8105
584.0936
584.2737
584.4123
584.4369
584.5844
585.1236
585.3697
585.9806
586.1533
586.3369
586.3484
586.4102
586.5265
586.6041
586.7697
586.8335
586.9287
587.3001
588.0349
588.0997
588.7832
588.94
589.0583
589.2752
589.4245
589.4626
589.4839
589.8514
590.3805
590.5996
590.6467
590.6983
590.8106
590.9161
591.1826
591.5481
591.6456
591.6764
591.6846
591.7772
592.1861
592.5836
592.6573
592.8355
592.9548
593.0641
593.1557
593.3083
593.3196
593.6482
594.0778
594.3511
594.4079
594.6149
594.7007
595.0098
595.036
595.5325
595.716
595.8233
596.0472
596.2907
596.8697
597.3284
597.3371
597.4035
597.4273
597.9582
597.9735
597.9935
598.0282
598.3901
598.5767
598.9498
599.02
599.1505
599.4048
599.425
599.5024
599.5367
599.5932
600.1872
600.2569
600.5384
600.6479
601.684
602.3097
602.5117
602.5507
602.8816
603.1612
603.2006
603.222
603.438
604.166
604.9977
605.1954
605.2431
605.4473
605.4571
605.5391
605.6381
605.9624
606.8582
606.8959
607.1297
607.2134
607.439
607.6273
607.6335
607.7915
607.8771
607.8773
607.9064
607.9141
608.0175
608.1217
608.8243
608.8552
609.4312
609.9708
610.3718
610.5873
610.6933
611.0108
611.3521
611.3952
611.5267
611.7551
611.8013
611.9189
611.982
611.9853
612.2572
612.2845
612.5131
612.5237
612.7248
613.1327
613.1882
613.3049
613.4226
613.4701
613.518
613.6995
614.3164
614.3258
614.5308
615.1858
615.3472
615.8791
615.998
616.3564
616.8834
617.2099
617.2185
617.285
617.3576
617.6628
618.0078
618.2981
618.401
618.5959
619.2407
619.3924
619.4546
620.3426
620.6054
620.7001
620.727
620.7427
620.7899
621.2716
621.2898
621.5576
622.1462
622.4022
623.1287
623.3167
623.5308
623.5989
623.6666
624.0665
624.9405
625.2889
625.3908
626.215
626.6652
627.0585
627.4008
627.5858
628.1979
628.502
628.561
628.6513
629.1176
629.2111
629.232
629.2431
629.2449
629.4701
629.6214
630.044
630.3385
630.367
630.5636
630.9975
631.835
632.1409
632.2108
632.274
632.3682
632.4088
633.5964
634.0664
634.1285
634.668
634.7477
635.1917
635.2019
635.333
635.5666
635.6735
635.6823
635.7986
635.9039
635.9203
635.9734
635.9797
636.2342
636.3119
636.9438
637.5291
637.6713
637.9203
638.546
638.6385
638.7302
638.7524
638.9514
639.0362
639.0401
639.1059
639.1827
639.2047
639.4833
639.5523
639.7078
640.5073
640.5265
640.5497
641.4656
641.7918
641.9334
642.0979
643.4614
643.7234
644.0329
644.3377
644.3408
644.4152
644.5402
644.6916
645.0664
645.2403
645.6837
645.6862
645.9613
646.1121
646.1127
646.2404
646.8421
646.9005
646.9093
647.679
647.8568
648.3267
648.4353
648.6663
648.6983
648.868
648.8723
648.9759
649.0821
649.1921
649.5508
649.7172
650.1967
650.245
651.0982
651.5326
651.725
652.0219
652.5075
652.8393
653.1914
653.324
653.491
653.6082
653.6679
654.0512
654.4593
654.9559
655.1086
655.3365
655.9239
656.4137
656.6363
656.8288
657.124
657.2275
657.6656
657.9825
658.0464
659.0139
659.0173
659.2397
659.2712
659.4177
659.4963
659.8291
660.001
660.2425
660.5269
661.1004
661.1022
661.1636
661.3629
661.4173
662.4276
662.784
662.9111
663.0858
663.1874
664.2054
664.2381
664.2878
664.4481
664.75
664.7565
664.8802
665.4531
665.5453
665.7518
666.0689
666.625
666.856
666.9666
667.1602
667.2121
667.2794
667.2956
667.3188
668.1869
668.3705
668.604
668.7398
668.838
669.0575
669.6624
669.9497
670.2549
670.502
672.1674
672.8049
673.2665
673.2808
673.3608
673.6678
673.9132
674.1354
674.3431
674.738
674.8527
675.8354
676.1998
676.3603
677.4659
678.1899
678.2643
678.3876
678.4239
678.7128
678.8889
678.907
678.9677
679.0042
679.0584
679.1249
679.2062
679.2507
679.5333
679.5467
679.5739
679.6266
679.8101
679.8905
679.9104
680.0805
680.2719
680.3646
680.5048
680.5381
680.563
681.043
681.0534
681.1212
681.1435
681.6663
681.8095
681.9324
682.1907
682.3015
682.3504
683.222
683.2408
683.797
683.974
684.1268
684.228
684.4
684.5879
684.7804
685.7852
686.0641
686.2829
686.7972
687.0157
687.2116
687.3978
687.5615
687.717
687.795
688.3381
688.3845
688.4102
688.4195
688.4731
688.5282
689.3485
689.6518
689.6927
689.8119
690.1053
690.2038
690.4025
690.476
690.7038
690.9459
691.1471
691.5417
691.6927
692.623
692.8728
693.1889
693.2106
693.909
694.1994
695.3461
695.4066
695.4377
695.6652
695.7015
695.9942
696.0006
696.4783
696.4948
696.8959
697.0116
697.4197
697.9584
698.0415
698.6975
698.759
699.2838
699.2916
699.4617
699.5033
699.6739
700.0155
700.0454
700.5489
701.853
701.9391
702.1426
702.163
702.6825
702.7094
702.7156
702.7171
703.0057
703.0436
703.1071
703.4407
703.873
703.9641
704.2022
704.5142
704.8225
705.228
705.5666
707.0948
707.3488
708.1128
708.5137
708.8124
709.0106
709.4809
709.6467
709.9313
709.9794
709.9941
710.3935
710.5128
710.5267
710.5865
711.2123
711.3002
711.4993
711.6559
711.9598
712.7098
713.3712
713.7032
713.7573
714.2767
714.7558
715.5434
716.0581
716.3117
716.4742
716.4787
716.6168
716.8034
717.4789
717.5993
717.7566
718.4134
718.5899
718.8553
718.9898
719.305
719.3314
719.4998
720.0111
720.3106
720.629
721.2201
721.6433
722.0806
722.2977
722.3436
722.8019
722.9629
723.0218
723.271
723.3518
723.3806
723.4968
723.6829
724.3633
724.6722
724.9839
725.1564
725.8079
726.6792
726.7772
726.7942
726.8567
726.9659
727.0718
727.2879
727.3413
727.6404
728.0509
728.3731
728.4503
728.572
728.7511
728.7877
728.8012
729.2582
729.269
729.774
729.8881
730.6253
730.728
730.8196
731.1131
731.2734
731.3546
731.6798
731.7668
732.0303
732.1698
732.2911
732.7535
732.9023
733.3665
733.574
733.6477
733.972
733.9972
734.5168
734.5187
734.7789
734.8938
734.917
734.9717
735.6585
735.669
735.795
736.3894
736.4698
736.4956
736.7685
737.095
737.2371
737.4466
737.4622
737.7183
737.7571
737.9881
738.2684
738.5644
739.8133
739.9326
740.1437
740.458
740.4914
740.8702
741.0934
741.4495
741.5272
741.6043
742.4819
742.585
742.9987
743.1266
743.3612
743.532
743.7581
743.9042
744.0017
744.3317
744.6104
744.8404
744.8627
744.9545
745.3467
745.8566
746.117
746.4124
746.438
746.5959
747.2637
747.7993
748.0082
748.3804
748.6089
749.1606
749.5975
750.0054
750.1879
750.5981
750.7006
751.1755
751.6088
752.1653
752.1833
752.5108
752.5738
752.8336
753.1861
753.3404
753.6102
753.6792
753.7793
753.9897
754.6004
754.8134
755.1346
755.178
755.3954
756.0946
756.3238
756.3799
756.8534
757.2526
757.3393
757.7748
758.0186
758.052
758.0692
759.0657
759.2947
759.3652
759.4428
759.6822
759.7996
760.2013
760.9294
760.9902
760.9969
761.0625
761.0821
761.2331
761.2336
761.2832
761.3524
761.3668
762.4331
763.4876
764.0046
764.2698
764.5595
764.9075
764.9611
766.1835
766.802
767.0576
767.3209
767.3376
767.5783
767.667
767.9034
767.9663
768.0131
768.0739
768.2036
768.362
768.4526
769.3288
769.7012
769.8099
769.8111
769.9483
770.5045
771.0793
771.1926
771.4279
771.5052
771.704
772.2789
772.7241
772.9701
773.1862
773.2003
774.016
774.6027
774.9372
775.2614
775.5231
775.9093
776.3074
776.7912
776.8799
777.0101
777.1821
777.2938
777.3791
777.4171
777.4625
777.8687
778.0972
778.555
779.0735
779.1356
779.9411
779.9921
780.1459
780.3712
780.4855
780.6838
781.1717
781.1779
781.2047
781.222
781.3265
781.9647
782.2124
783.7541
783.8744
783.9164
783.9826
784.3477
784.6273
785.0974
785.217
785.4763
785.5846
785.6812
785.9143
786.1463
786.1537
786.3869
786.6597
786.9194
787.1181
787.4127
787.8422
787.9565
788.3213
788.713
788.8322
789.1453
789.9505
790.003
790.3726
790.5621
790.6659
791.6723
791.7883
791.8485
792.5233
792.8473
792.8677
793.13
793.2349
793.2789
793.4966
793.4988
793.5628
794.0514
794.0644
794.1646
794.2735
794.4282
794.5969
794.8135
794.9911
795.1073
795.7503
795.9904
797.0183
797.0744
797.768
798.353
798.5192
798.6731
798.6914
798.8845
798.972
799.5577
799.8587
799.9372
800.2378
800.2617
800.5559
800.7726
801.1932
801.9374
801.9591
802.8711
802.9847
803.3789
803.4898
803.9787
804.1884
804.501
804.5571
804.9075
804.9347
805.3939
805.6228
805.7345
806.1396
806.2887
807.2608
807.2779
807.4076
807.5766
808.3611
808.7066
808.9297
809.005
809.1246
809.2711
809.6289
810.0469
810.1117
810.2151
810.7602
810.8859
811.3332
811.481
811.6226
811.7188
811.8927
812.2769
812.5323
812.9825
813.1228
813.157
813.1776
813.7335
814.0083
814.4147
814.5663
814.5987
814.7613
814.856
815.211
815.4475
815.9257
816.0778
816.2195
816.5054
816.7192
816.9738
817.1477
817.2797
817.3236
817.8781
818.7943
818.9085
819.2697
819.316
819.588
819.6605
819.6917
820.1789
820.5942
821.3457
821.6663
821.7742
821.885
822.1145
822.402
822.4212
823.0475
823.1334
823.4968
823.6028
823.8802
824.1755
824.685
824.7371
824.7988
825.1947
825.4975
826.022
826.9167
826.9884
827.115
827.1399
827.6705
827.6763
828.0622
828.1281
828.4216
828.4601
828.7257
828.7511
829.1609
829.1627
829.2559
829.3749
829.8674
830.252
830.3323
830.4215
830.5042
830.6288
830.7279
830.7311
830.7462
830.818
830.898
831.1469
831.3542
831.5449
831.6684
831.9887
832.2571
832.2813
833.0232
833.2557
833.2611
833.332
833.4784
833.6036
833.6607
834.3255
834.3716
835.3633
835.4793
835.5781
835.8922
835.9274
836.0744
836.341
836.4599
836.4886
836.6528
836.6677
837.0762
837.0959
837.1318
837.2274
837.3147
837.3789
837.4074
837.4786
837.9664
838.5921
838.6973
838.8276
839.6084
839.893
839.9557
840.0679
840.2022
841.1013
841.4491
842.0818
842.6297
843.2478
844.152
844.1976
844.5013
844.5544
844.6854
844.9464
845.3067
845.604
845.7699
845.8823
846.9322
847.106
847.2253
847.3096
847.6545
847.732
847.8711
848.2915
848.3867
849.3302
849.4851
849.5018
850.3841
850.6456
850.9418
850.9435
851.4314
851.9769
852.0342
852.1024
852.1394
852.1767
852.4431
852.5602
852.9168
852.9886
853.1427
853.3015
853.3311
853.5766
853.8895
853.9546
854.2555
854.3736
854.4309
854.5375
854.5641
855.0714
855.3545
855.6753
855.7857
855.8747
855.8914
856.0238
856.2856
856.3423
856.3525
856.73
857.2462
857.3043
857.7594
857.7941
857.8547
858.3547
858.5279
858.7602
858.8342
858.9153
859.3223
859.9615
860.0993
860.4856
862.2964
862.3712
862.5786
862.7435
862.8595
862.9695
863.4652
863.5444
863.817
863.9768
864.1922
864.316
864.6347
864.7695
864.8184
864.8347
864.9049
864.9883
865.1939
865.4027
865.7457
865.7674
866.0108
866.3418
866.5193
866.9952
867.0628
867.3274
867.6919
867.702
867.7093
867.9163
867.9453
868.5832
868.6909
868.7461
868.7908
868.8682
868.8964
869.358
869.6372
869.7691
869.9793
870.204
870.5132
870.5287
870.9541
871.0174
871.0722
871.1125
871.5911
871.6047
872.0771
872.5643
872.5671
872.89
873.1446
873.2313
873.3368
873.5295
873.8283
874.0327
874.3292
874.706
874.7924
875.0151
875.1255
875.3282
875.4168
875.4253
875.8947
876.5015
876.6232
876.7631
876.8812
876.9987
877.0784
877.5822
878.2895
878.4373
878.5321
878.5547
878.5778
878.6412
878.8307
879.5192
879.6373
879.6382
879.6572
879.7028
879.8063
880.8779
881.8677
882.0817
883.2355
883.2419
883.3017
883.5621
883.6832
883.8074
883.8484
884.1425
884.3725
885.8088
886.0562
886.3951
886.4559
886.644
886.8736
887.5919
887.851
888.0086
888.2884
888.3881
888.4775
889.0138
889.0506
889.0785
889.2824
889.8071
890.38
890.9626
891.3644
891.4803
891.6869
892.2551
892.3617
892.4986
892.6356
892.7582
892.9539
892.9777
893.3635
893.6847
893.7319
893.911
893.9172
894.2116
894.4442
894.7754
895.1217
895.5567
895.7975
895.9715
896.003
896.0698
896.1495
896.3346
896.4132
896.6654
896.9298
897.1315
897.485
897.7782
898.0013
898.0581
898.0802
898.1757
898.2247
898.4211
898.973
899.0068
899.0182
899.2324
899.4938
899.5875
899.673
899.9422
900.0366
900.0428
900.084
900.2573
900.5403
900.7467
900.973
900.9785
901.4551
901.6221
901.6333
902.2275
902.4638
902.6482
902.678
902.8586
903.1201
903.6606
903.6801
904.6492
904.8041
904.8619
904.8731
904.9344
905.5273
906.4287
906.5042
906.5605
906.655
906.6551
907.2872
907.6511
907.7899
908.2486
908.3643
908.539
908.9413
909.6634
910.0641
910.1672
910.2459
910.7355
910.8682
911.0053
911.6586
911.9462
911.9766
912.0155
912.2053
912.5006
912.5589
912.745
912.7958
912.9881
913.0761
913.1703
913.4086
913.5194
913.9304
914.0556
914.2783
914.4441
914.4719
915.2766
915.6839
915.684
915.9562
916.0976
916.676
916.9728
917.02
917.1992
917.3342
917.3369
917.5667
917.819
918.0379
918.5674
918.5846
918.6083
918.6799
919.2214
919.2327
919.5974
919.662
920.4334
920.4335
920.5786
920.7189
920.8858
921.0022
921.1098
921.876
922.46
922.7629
922.8005
923.153
924.0102
924.273
924.3847
924.6216
925.113
925.1895
925.1922
925.2642
925.3923
925.674
926.0361
926.4465
927.1583
927.4633
927.6568
927.6872
927.8594
928.1411
928.147
928.3659
929.0428
929.4581
929.4993
929.6716
929.7258
929.7264
929.8213
930.1188
930.3241
930.4626
930.4986
930.574
930.6904
930.8977
931.1494
931.3016
931.4509
931.9143
932.0727
932.2118
932.5247
932.8756
932.9575
932.9639
933.0316
933.1978
933.3564
933.8241
934.1088
934.1601
934.4513
934.5102
934.6067
935.339
935.551
935.5534
935.7954
935.8051
936.2035
936.3478
936.7503
937.84
938.022
938.5117
938.6101
938.7908
939.1959
939.7029
939.7149
940.3672
940.5342
940.5621
942.2868
942.7341
943.107
943.7853
943.8543
944.7126
944.9892
945.0855
945.2499
945.3879
945.4659
945.5818
946.684
946.7745
947.5188
947.6553
947.8126
948.148
948.4438
948.4626
948.576
948.9304
948.9593
949.018
949.0196
949.8524
949.954
950.7309
951.1861
951.3123
951.4757
951.9675
953.1576
953.7115
954.4451
954.5524
954.6689
954.7148
955.1754
955.2462
955.9778
956.0463
956.1441
956.4878
956.7793
957.0366
957.1874
957.7427
957.7468
957.927
957.9418
958.2092
958.3748
958.4293
958.6094
958.9613
959.113
959.1398
959.1506
959.2006
959.2834
959.6706
959.671
959.7049
959.8983
960.3288
960.5977
960.7077
961.0456
961.4092
961.5382
961.6918
962.0064
962.1094
962.231
962.5024
963.1221
963.3903
963.921
964.2573
964.422
964.7191
964.9066
964.91
965.2325
965.5663
965.7078
965.9626
966.9828
967.0477
967.1456
967.2579
967.3998
968.8045
969.1381
969.1466
969.3101
969.4348
969.9384
970.1312
970.4927
970.5831
970.9884
971.1895
971.825
972.1379
972.4261
972.8017
972.836
972.9232
973.031
973.1775
974.3914
974.9257
975.1864
975.5026
975.6565
975.6622
976.2054
976.2269
976.8837
977.2198
977.3244
977.3631
977.4244
977.7515
978.0145
978.1667
978.1849
978.5343
978.7112
978.7123
978.8613
978.931
979.1884
979.2929
979.3725
979.8845
980.0539
980.6004
980.7208
980.7557
980.9189
981.0241
981.0467
981.1695
981.1968
981.5668
981.6976
981.7592
981.9168
982.243
982.3022
982.3115
982.5441
982.5504
982.5644
983.2286
983.9767
984.0631
984.2681
984.6215
985.1933
985.3842
985.464
986.2012
986.3155
986.4596
986.5681
986.9958
987.0679
987.1495
987.2291
987.2721
987.2757
987.9661
988.2583
988.4973
988.8889
988.9216
988.9394
989.7748
989.7927
990.1385
990.1438
990.5484
991.3683
991.5516
991.649
992.0966
992.1198
992.3791
992.4623
992.4849
992.5169
992.5522
992.9108
992.9312
993.2603
993.4056
994.3294
994.4771
994.8227
995.0436
995.3161
995.7836
996.228
996.6076
996.996
997.0322
997.1962
997.473
997.6996
998.1089
998.3192
998.3235
998.3313
998.6595
998.9525
999.1046
999.1431
999.4422
999.6602
999.8367
1000.342
1000.381
1000.816
1001.25
1001.951
1002.129
1002.219
1002.77
1002.774
1002.972
1003.403
1003.593
1003.716
1003.902
1003.951
1004.049
1004.125
1004.43
1004.685
1004.803
1005.076
1005.415
1005.444
1005.709
1006.622
1006.718
1007.073
1007.52
1007.924
1008.068
1008.4
1008.425
1008.463
1008.606
1009.058
1009.385
1009.512
1009.513
1009.649
1009.663
1009.968
1010.383
1010.406
1010.752
1010.891
1011.183
1011.201
1011.814
1011.827
1011.976
1012.353
1012.44
1012.833
1013.098
1013.44
1014.5
1014.527
1014.58
1014.773
1014.852
1014.989
1015.214
1015.229
1015.704
1015.886
1015.942
1016.739
1016.786
1016.802
1016.901
1017.003
1017.525
1017.967
1018.163
1018.667
1018.878
1018.943
1019.145
1019.977
1020.072
1020.272
1020.335
1020.337
1020.363
1020.472
1020.526
1020.56
1020.603
1020.91
1020.959
1021.163
1021.247
1021.549
1021.859
1022.035
1022.192
1022.207
1022.266
1022.368
1022.939
1023.004
1023.072
1023.157
1023.403
1023.415
1023.532
1023.631
1023.853
1023.938
1024.036
1024.438
1024.513
1024.674
1024.748
1024.832
1024.918
1025.196
1025.213
1025.406
1026.182
1026.524
1026.782
1026.817
1027.118
1027.18
1027.575
1027.708
1027.841
1028.07
1028.231
1028.717
1028.774
1028.89
1028.933
1028.976
1029.384
1029.745
1029.833
1029.971
1030.766
1030.788
1030.857
1031.03
1031.101
1031.115
1031.647
1032.359
1032.366
1032.608
1032.954
1033.008
1033.293
1033.98
1034.256
1034.938
1035.27
1035.295
1035.957
1036.024
1036.483
1036.535
1038.113
1038.186
1038.273
1038.75
1039.019
1039.06
1039.067
1039.177
1039.178
1039.216
1039.451
1039.618
1039.78
1040.175
1040.213
1040.637
1040.784
1040.982
1041.024
1041.148
1041.271
1041.495
1041.875
1042.363
1043.187
1043.203
1043.422
1043.863
1044.096
1044.57
1044.9
1045.173
1045.188
1045.23
1045.263
1045.362
1045.913
1046.083
1046.226
1046.34
1046.341
1046.346
1046.501
1046.519
1046.845
1047.271
1047.361
1047.434
1047.552
1047.973
1048.117
1048.543
1048.605
1048.834
1049.234
1049.302
1049.33
1049.574
1049.798
1050.541
1050.72
1050.992
1051.018
1051.217
1051.341
1051.646
1051.745
1051.974
1052.353
1052.356
1052.438
1052.559
1052.6
1052.862
1053.257
1053.285
1053.357
1053.437
1053.627
1053.643
1054.131
1054.16
1054.528
1055.044
1055.307
1055.763
1055.937
1055.968
1056.377
1056.514
1056.904
1057.04
1057.449
1057.662
1057.838
1058.482
1058.54
1058.703
1059.093
1059.198
1059.482
1059.744
1060.149
1060.611
1060.86
1060.934
1061.217
1061.795
1061.928
1062.481
1062.507
1062.754
1063.104
1063.148
1063.316
1063.715
1063.998
1064.044
1064.11
1064.502
1064.548
1064.581
1064.716
1065.148
1065.422
1065.451
1065.779
1065.809
1065.922
1066.722
1066.75
1066.917
1067.284
1067.416
1067.556
1067.658
1067.949
1068.356
1068.41
1068.459
1068.56
1068.77
1069.496
1069.567
1069.623
1069.788
1070.282
1070.302
1070.448
1070.547
1070.882
1071.534
1072.169
1072.769
1072.791
1073.254
1073.421
1073.676
1073.784
1074.136
1074.191
1074.272
1074.354
1074.368
1074.459
1074.512
1074.592
1074.976
1075.403
1075.413
1075.47
1075.487
1075.522
1075.643
1075.662
1075.862
1076.91
1076.914
1077.213
1077.328
1077.496
1077.555
1077.558
1077.688
1077.835
1078.932
1079.097
1079.402
1079.542
1080.174
1080.366
1080.832
1080.877
1081.049
1081.139
1081.21
1081.311
1081.54
1081.996
1082.199
1082.577
1082.81
1082.864
1083.436
1083.612
1083.677
1084.057
1084.426
1084.593
1084.704
1085.156
1085.186
1085.778
1085.891
1086.365
1087.131
1087.871
1088.041
1088.116
1088.301
1088.325
1088.98
1089.229
1089.567
1089.816
1089.959
1089.978
1090.192
1090.333
1090.38
1092.139
1092.211
1092.3
1092.361
1092.784
1093.157
1093.211
1093.461
1093.527
1093.535
1093.583
1093.956
1094.171
1094.229
1094.475
1094.559
1094.608
1094.652
1094.791
1095.644
1095.651
1095.947
1096.632
1096.74
1097.522
1097.653
1097.812
1098.018
1098.547
1098.596
1098.656
1098.753
1099.283
1099.325
1100.185
1100.281
1100.44
1100.519
1100.902
1101.439
1101.538
1102.166
1102.184
1102.322
1102.483
1102.509
1102.562
1102.96
1103.183
1103.381
1103.506
1103.566
1103.692
1104.109
1104.397
1104.451
1104.66
1104.706
1104.729
1105.146
1105.652
1105.659
1105.975
1106.077
1106.099
1106.223
1106.857
1107.18
1107.217
1107.391
1107.731
1108.014
1108.481
1108.609
1109.079
1109.087
1109.532
1109.949
1110.026
1110.581
1110.673
1110.924
1111.151
1111.218
1111.939
1112.44
1113.137
1113.304
1113.573
1113.608
1113.65
1113.795
1114.056
1114.346
1116.24
1116.675
1116.988
1117.3
1117.332
1117.662
1117.879
1117.916
1118.774
1119.027
1119.042
1119.539
1119.562
1119.603
1119.887
1120.331
1120.369
1120.646
1120.791
1120.868
1120.97
1121.133
1121.247
1121.273
1121.422
1121.808
1122.274
1122.581
1122.65
1122.82
1123.705
1123.78
1124.457
1124.614
1125.53
1125.586
1125.929
1126.068
1126.076
1126.541
1126.858
1127.622
1127.932
1127.986
1128.111
1128.566
1128.769
1129.025
1129.134
1129.194
1129.734
1130.646
1130.668
1130.865
1131.139
1131.462
1131.689
1132.084
1132.263
1132.373
1132.628
1132.743
1133.115
1133.431
1134.05
1134.075
1134.256
1134.63
1134.772
1136.393
1136.47
1136.76
1137.058
1137.217
1137.692
1137.695
1137.846
1137.951
1138.83
1139.259
1139.383
1139.655
1140.65
1140.741
1140.848
1141.285
1141.376
1141.703
1141.89
1142.13
1142.19
1142.327
1142.358
1142.5
1142.511
1143.069
1144.247
1144.649
1144.676
1144.854
1145.53
1145.742
1145.789
1146.326
1146.531
1147.046
1147.11
1147.324
1147.391
1147.512
1147.791
1148.046
1148.239
1148.253
1148.457
1148.565
1148.621
1148.837
1148.884
1149.273
1149.452
1150.07
1150.143
1150.508
1151.039
1151.234
1151.69
1152.467
1152.951
1153.153
1153.627
1153.629
1153.664
1153.7
1154.413
1154.947
1154.989
1154.996
1155.03
1155.049
1155.348
1155.36
1155.453
1155.753
1156.224
1156.457
1157.298
1157.635
1157.708
1158.003
1158.087
1158.143
1158.431
1158.551
1158.735
1159.169
1159.63
1159.866
1159.917
1160.632
1160.741
1160.932
1160.936
1161.107
1161.121
1161.264
1161.329
1161.384
1161.418
1161.502
1161.585
1162.21
1162.244
1162.71
1163.007
1163.018
1163.244
1163.785
1164.024
1164.333
1164.61
1164.728
1164.931
1165.257
1166.097
1166.685
1166.805
1166.858
1167.202
1167.286
1167.61
1167.906
1167.95
1168.563
1168.698
1169.136
1169.157
1169.256
1169.296
1169.376
1169.427
1169.475
1169.832
1170.055
1170.307
1170.685
1170.736
1170.813
1170.833
1170.87
1171.116
1171.902
1171.957
1172.941
1172.971
1173.262
1173.699
1173.795
1173.866
1173.927
1174.133
1174.16
1174.16
1174.203
1174.283
1174.84
1175.186
1175.444
1175.533
1175.681
1175.702
1175.897
1176.526
1176.878
1176.978
1177.161
1177.32
1177.485
1177.497
1177.528
1177.999
1178.901
1178.904
1178.963
1179.114
1179.435
1179.682
1180.226
1180.971
1181.346
1181.586
1182.892
1183.01
1183.042
1183.048
1183.183
1183.863
1184.158
1184.199
1184.217
1185.536
1185.581
1185.583
1185.625
1185.776
1186.125
1186.237
1186.567
1186.706
1186.994
1187.319
1187.375
1187.51
1187.61
1187.812
1188.01
1188.326
1188.86
1188.879
1189.292
1189.71
1189.883
1189.919
1189.932
1190.063
1190.071
1190.213
1190.458
1190.842
1191.058
1191.546
1191.885
1192.161
1192.385
1192.725
1193.141
1193.616
1193.703
1194.123
1195.011
1195.102
1195.103
1195.128
1195.903
1195.981
1196.277
1196.305
1197.414
1197.554
1197.562
1197.723
1197.91
1197.978
1198.028
1198.358
1198.474
1199.05
1199.391
1199.438
1199.532
1199.637
1199.661
1199.696
1199.734
1199.829
